2.690352136889044843e-01
2.690352136889044843e-01
2.171340743010254926e-01
2.427975535524584672e-01
1.831494825159762918e-01
5.116056817512522059e-01
1.034272120181016330e+00
4.550358899538058388e-01
3.376220538362808554e-01
5.515926209180705975e-01
2.343817408895731980e-01
-1.265111267707847986e-01
2.485201360402338189e-01
5.097730203685091332e-01
2.499397459607952676e-01
5.046316755622317629e-01
8.813418492354330169e-02
1.798565396051032828e-01
7.816198348608920377e-01
-8.081935660521732956e-03
-7.258675131982323947e-01
7.454547229371777384e-01
3.252784211632193667e-01
2.532353333008887653e-01
4.040061878702942977e-01
4.245374013561376003e-02
3.363793888040560454e-01
7.844219195489912089e-01
8.971096479196027929e-03
4.391640685504976105e-01
5.308600977787834019e-01
2.058849050282098858e-01
3.581740540887823343e-02
-3.730236830261444148e-01
3.082575152013733444e-02
2.224088569638777990e-01
3.873554093794191466e-01
3.071933380721949547e-01
1.410611875860658948e-01
5.733720938536057687e-01
-1.058330917118506243e-01
9.661144072776206571e-02
6.188834461068926096e-01
-5.986599086889867749e-01
5.377043844662088290e-02
1.124518500855256065e-01
6.362585531985986975e-01
1.340429851282372020e-01
nan
5.199639208571347204e-01
-2.500545779636467181e-01
5.279132501442238556e-01
3.670647951106431606e-01
3.719083150010047412e-01
5.755026519431325482e-01
-5.121555534445478841e-01
-1.046311957982690721e-01
3.437491276773032567e-01
2.588984213123226574e-01
-5.798415966284542478e-02
2.940560833170691168e-01
4.977197223572087381e-01
-4.765664751987674919e-02
7.537906751405292205e-01
-4.344710315123609945e-01
1.505068280022752170e-01
-1.137061031424442259e-01
-8.386351970978460635e-01
2.779457848055986169e-01
-1.901755179634760928e-01
5.781863411684162735e-01
4.079642203038735815e-02
2.477618442664424769e+00
-1.008433452671752661e+00
-1.236333996851812778e-01
7.915437166549654791e-02
3.925231291570474568e-01
3.830904883642931580e-01
-1.936325643024128240e-02
3.239294563302910213e-01
8.287411830407931390e-02
-7.132873862536777132e-01
1.437285926920169654e+00
1.788144938550826346e-01
6.220600267847706810e-01
4.572198298211787026e-01
9.248744911898572063e-01
2.254980696216946079e-01
2.149998717086143429e-02
5.067642122022388840e-01
6.279262568428150004e-01
2.453715678200776296e-01
7.540597876614123507e-01
8.021132987260992664e-01
7.442027350014557285e-02
1.031946198431907824e-01
5.682009641983754022e-02
7.063037873884225881e-01
-4.647336187492944859e+00
2.690052706460752230e+00
-5.844194840630838605e-01
5.341885995054682645e-01
4.187033926957810515e-01
1.120407952320134903e-01
-3.011143423895745741e-03
2.987805965932865959e-02
-5.375882143508179389e-01
-3.218264199887359567e-01
2.333393756549635434e-01
2.126395306396249296e-01
7.719762968555778926e-01
-2.921686722439931216e-02
8.379761490811019620e-01
3.791287911770218066e-01
-1.278047377602073986e-01
1.670623298847186966e-01
1.498947961855291222e+00
1.057823998626084006e-01
-5.003031392015167000e-01
6.272686842937544860e-01
8.418766532564876393e-01
-1.976466145554511833e-01
2.741052060697422021e-01
1.918498888816784209e-01
2.149351282485323367e-01
-1.171021332777306689e-01
8.225968063533026786e-01
2.695464007984145205e-01
-8.472635120265969988e-02
6.237046435194857352e-01
-1.479450542032583193e-01
-3.521489171103264759e-01
1.594110972881575883e+00
-3.389220733774473970e-01
8.408630358515805092e-01
2.155393592249583712e-01
6.684839695850852692e-02
6.013554032953720707e-01
-5.594729041908585998e-02
7.885675250661385860e-01
nan
8.292721048573743481e-01
-4.152704414100174546e-01
5.939324422929437297e-01
1.406767985307748603e-01
5.537889484659346273e-01
2.462679785214572092e-02
1.328422998201648220e-01
1.105741806903575153e-01
1.946675058343450004e-01
-7.941657904562626769e-02
1.162432303923819354e-01
3.246369540839568746e-01
nan
-1.827407979384907399e-01
7.943753770889339094e-02
-7.043813575905764068e-01
-7.199195511292533212e-02
-3.201730452110451708e-02
1.419471848362285904e-01
2.747606293858297910e-01
2.684159336226636938e-01
1.051932194998146386e-01
-2.272093319912471543e-02
1.886263042571512116e-01
2.969204057605825398e-01
9.954718377222468995e-01
1.883679824872239728e-01
-2.470000189795293899e-01
-1.271716206648507708e-01
2.075290340962192559e-01
4.482636784403499774e-01
-6.934058462129062406e-01
-5.374930008854619246e-01
nan
-9.853925827876106602e-01
2.952268418497383529e-01
6.677632897247676169e-02
4.553900476774082051e-01
4.099091631593387852e-01
7.084967404939490621e-02
-3.897023415985478856e-01
2.388803984006524495e-01
1.455153230292780542e-01
2.723106455109056689e-01
9.744650661655285262e-02
2.312734137982048743e-01
6.284318340133916436e-01
7.385569895390995399e-01
4.215937177672297587e-01
7.377597494735876893e-02
-9.072695712529164069e-01
3.928511322406018635e-01
4.431740601291167536e-01
3.487809332854241440e-01
2.689176466176963487e-01
2.431629447531613586e-01
1.241393840005629023e-01
3.248594799118182941e-01
1.008080703704181680e-01
7.523179844356886470e-01
3.056906896700906096e-01
2.719051327640364946e-01
-1.649087448354555896e-01
-1.804170951250943844e+00
1.159151958846380559e-01
2.968526188625024709e-01
3.333154213425362222e-01
3.110989049712178378e-01
1.042742206914817338e-01
-9.884203909466915405e-02
2.829270232423493070e-01
1.804265846742891810e-02
4.404521490619859314e-01
-4.060831691466715299e-01
2.284985676292832224e-01
6.062457643325154244e-01
7.221939610836654033e-01
1.476932334192698093e+00
1.003407578279083001e+00
3.885142050851131401e-02
7.706279104963340565e-01
1.151824817691844416e-01
6.697748406691603762e-01
1.287872972089720847e-01
1.411918201598885148e-01
3.459242200361281050e-01
1.169632850330581952e-01
5.174263636417903989e-01
4.696583220382346546e-01
9.518615404925734325e-02
3.202509255825831680e-01
1.467936720456776367e+00
1.109901723158642994e+00
-2.506180803723561112e-01
3.932108559019242833e-02
5.847300176321601484e-01
2.314983614310546223e-01
9.669417467247072295e-01
6.149704882207585044e-01
2.476479563251752225e-01
3.738008382300734844e-01
2.994500110372499968e-01
2.420254580011627077e-01
-2.608423880689856311e-01
-4.222150771970119010e-01
9.149911322659689539e-01
4.569908104294149176e-01
2.222436846033657432e-01
2.549638821232198538e-01
4.031552346275826260e-01
-1.941844710811624353e-02
-1.903701161298054778e-01
2.241202762541369964e-01
2.100920116358140355e-01
2.953598018325891417e-01
2.060836348850378918e-01
3.305757544948062510e-01
2.885169738867601197e-01
-9.384093878637944641e-02
5.208051680765857228e-02
4.547078843039509266e-01
4.466759204956578522e-01
4.114871111999454101e-01
3.521698581717149779e-01
2.862223785508044571e-02
1.191877629794886317e-01
2.890555027746768424e-01
7.088865972538416216e-02
4.975665904414925400e-01
4.156821157371806130e-01
-4.188684068542647410e-02
6.314815922937628834e-01
-5.410700304788562676e-02
1.160879241724682487e+00
5.660653559529720269e-01
3.784991827243899820e-02
5.818157825289409502e-01
-4.133456929222290022e-01
8.744767458991731246e-02
6.285069458858005831e-02
1.624044986280925862e-01
5.334647675382817589e-01
1.456326727958456857e-02
4.115479289929617757e-01
6.426933252712858646e-01
1.202685228845949972e-01
2.578934070019123226e-01
4.531806262240589689e-02
-2.952269800282536494e-01
4.023329723926440948e-01
2.719861604455044990e-01
3.118701140018007578e-01
3.707910942505088236e-01
4.068061795938096026e-01
2.748821461281045764e-01
-6.657536154651118032e-01
-1.800906088986633513e-01
-4.380525933259789007e-01
-1.256352803421645348e-02
1.259990065444713814e-01
9.166296505119442273e-02
-1.321555214978751280e-01
2.808738735137881193e-01
4.530727191402204035e-01
3.707710435031916774e-01
-6.571295455134462671e-02
1.202535054659983338e-01
-2.034076766275605408e-01
1.862570848734153017e-01
3.939501241781742102e-01
4.611116521611666741e-01
-3.517141189951189517e-02
3.880066445478060899e-01
nan
-1.902333238249854119e+00
-5.883747426506236167e-02
2.373025329167623987e-01
nan
8.650693387862120609e-01
3.666105184295762598e-01
1.597927291847778264e-01
2.629353615482501461e-01
3.668811402236853425e-01
-7.163045865222938957e-02
3.883858299249438595e-01
-4.205738068178037636e-01
4.009525743285213828e-01
1.619959109890132254e-01
-1.287520097973615663e-01
3.293578611319278870e-01
-3.248519536274425690e-01
-1.661370577063512322e-01
1.822843564428344720e-02
1.006861484267537410e+00
3.772992826627548091e-01
5.963709014370515149e-01
4.890393936576815648e-01
2.353328094331690323e-01
1.922883590379980134e-01
-4.231040491609241450e-01
-4.473878652793188415e-01
4.927655149314555949e-01
1.955251871757441862e-01
3.039320131507823319e-01
2.107492401494397427e-01
9.871740498749659309e-02
-9.355853797044844100e-03
3.244237533875282686e-01
2.932227990680904561e-01
5.801469219614787676e-01
3.630152581361167918e-01
2.285143193065590772e-01
2.228678359523668107e-01
-9.022535229796746492e-02
2.188132559068374228e-01
-5.775488453869561667e-01
6.986298446905414572e-01
-2.067901262824520803e+00
-6.286934189155934938e-01
-1.573698290736889049e-01
5.343439483046541483e-02
3.021219857348067528e-01
2.124491828676347005e-01
2.806023102050390072e-01
2.724222928846842251e-01
1.217401068097783146e-01
5.417632109212440206e-01
1.372778214318692847e-01
6.871043482326486540e-01
8.140259549246504633e-01
1.703798269433280943e-01
5.308044210913065442e-02
5.803093995227395219e-01
2.129657597548328951e-01
1.496238498204105483e-02
6.007266537149664742e-01
4.938738598623251264e-01
-2.580050459544795949e-01
-1.920239053318599787e-01
1.896750067150492214e-01
9.938605967811264819e-02
1.175705132711959422e-01
3.739255310026594614e-01
2.386711466523796510e-01
1.391221382858747191e-01
3.107787004548461240e-01
4.986225963652257676e-02
-1.109637770411695534e-01
1.006000659396284469e-01
9.963423181351993563e-02
3.728695059616304874e-01
-8.770438031214133900e-03
3.814579566118365683e-01
3.006251842358511617e-01
3.079006411496525430e-01
-1.625550688501058438e-01
3.905725655639233906e-01
4.339805925898776451e-02
6.885491738554172514e-02
6.996714284411620355e-02
2.121110161737402855e-01
7.678905382481548969e-01
4.291948913264822529e-01
5.917478056006020282e-02
6.257628193392816840e-02
8.519653986655262301e-02
5.472430791759053115e-01
-9.697421045512344406e-02
5.733248361175520280e-01
3.903472710810760304e-01
1.366041947099803089e-01
2.550929778077670740e-01
-4.228860266092584475e-01
-1.891388371075892749e-01
5.288874587629739388e-01
9.341542796384150193e-01
3.503543852783606027e-01
4.392646504407933250e-01
3.900118215530850030e-01
5.667149425012976138e-01
4.387948541821362625e-02
-9.669942743502080162e-03
1.602915605275283539e-01
-1.792769600269310537e-01
1.617772233398766524e-01
-6.656552572304295090e-01
3.839029915493252787e-01
3.380563836198118288e-01
5.391149183184809068e-01
